200 68 6 5 12 3 0.3
0.29
0.21
0.16
0.12
0.08
0.04
-0.837384 -0.18855
-0.831606 0.0406316
-0.803021 0.268934
-0.751743 0.489034
-0.659341 0.691932
-0.518033 0.867941
-0.347253 1.0133
-0.161649 1.12775
0.0438382 1.15665
0.246769 1.11601
0.427784 0.99765
0.596196 0.852368
0.733228 0.676235
0.823232 0.469229
0.870424 0.24631
0.893513 0.0195267
0.899339 -0.210376
-0.698467 -0.355292
-0.590716 -0.462015
-0.432697 -0.493733
-0.268524 -0.471414
-0.121925 -0.407181
0.138773 -0.420031
0.29506 -0.486369
0.460298 -0.509668
0.620862 -0.474936
0.72904 -0.369826
0.015577 -0.23784
0.0160598 -0.0909975
0.0170466 0.0541146
0.0190941 0.20426
-0.166456 0.30946
-0.0751752 0.34061
0.0189326 0.364981
0.11361 0.338061
0.198454 0.3088
-0.518909 -0.212966
-0.421758 -0.268602
-0.307583 -0.265936
-0.207621 -0.191096
-0.30983 -0.174061
-0.426033 -0.17277
0.233773 -0.197814
0.340136 -0.278678
0.45349 -0.278594
0.548835 -0.225909
0.462723 -0.186503
0.348731 -0.182159
-0.31565 0.57988
-0.188969 0.528184
-0.063157 0.500971
0.0183531 0.522987
0.111617 0.499706
0.240793 0.526834
0.366705 0.569009
0.245336 0.693052
0.123283 0.749312
0.0236121 0.761288
-0.0664808 0.752839
-0.190316 0.700958
-0.264637 0.584795
-0.0635578 0.573224
0.019452 0.581938
0.113703 0.570493
0.315375 0.576619
0.116276 0.638514
0.0205073 0.651535
-0.0645486 0.642182
